[48;2;255;255;255m[38;2;255;255;255m                          [38;2;254;254;254m [38;2;231;248;250m▁[38;2;1;187;210m▂▃▄▅▅▅▅▄▃▂[38;2;249;253;253m▁[38;2;255;255;255m                          [0m
[48;2;255;255;255m[38;2;255;255;255m                       [38;2;228;247;250m [38;2;1;187;210m▂▄[48;2;1;187;210m[38;2;1;186;209m  [38;2;1;187;210m          [38;2;0;186;209m  [48;2;255;255;255m[38;2;1;187;210m▄▁[38;2;253;254;254m [38;2;255;255;255m                      [0m
[48;2;255;255;255m[38;2;255;255;255m                     [38;2;240;251;252m [38;2;1;187;210m▂▆[48;2;1;187;210m[38;2;0;186;209m [38;2;1;187;210m   [48;2;37;196;215m[38;2;242;251;252m▗[48;2;1;187;210m[38;2;0;186;209m [38;2;1;187;210m      [38;2;254;254;254m▗[38;2;0;186;209m [38;2;1;187;210m   [38;2;0;186;209m [48;2;255;255;255m[38;2;1;187;210m▆▖[38;2;255;255;255m                     [0m
[48;2;255;255;255m[38;2;255;255;255m                    [38;2;253;254;254m▗[48;2;1;187;210m[38;2;255;255;255m▘[38;2;0;186;210m [38;2;1;187;210m    [38;2;247;252;253m [48;2;255;255;255m[38;2;254;254;254m▎[48;2;214;243;247m[38;2;20;191;213m▝[48;2;1;187;210m[38;2;1;186;209m [38;2;1;187;210m    [38;2;0;186;209m [48;2;255;255;255m[38;2;254;254;254m▌[48;2;254;254;254m[38;2;255;255;255m▌[48;2;1;187;210m[38;2;0;186;209m [38;2;1;187;210m    [38;2;3;187;209m [38;2;255;255;255m▝[48;2;255;255;255m[38;2;253;254;254m [38;2;255;255;255m                   [0m
[48;2;255;255;255m[38;2;255;255;255m                   [38;2;252;254;254m▗[48;2;1;187;210m[38;2;0;186;209m [38;2;1;187;210m     [38;2;0;187;209m [48;2;237;249;251m[38;2;69;204;221m▌[48;2;255;255;255m[38;2;255;255;255m [38;2;254;254;254m [48;2;1;187;210m[38;2;0;186;209m╵[38;2;1;187;210m    [48;2;215;244;247m[38;2;42;197;216m▊[48;2;255;255;255m[38;2;254;254;254m  [48;2;41;197;216m[38;2;217;244;247m▌[48;2;1;187;210m[38;2;1;187;210m      [38;2;0;186;209m [48;2;255;255;255m[38;2;250;253;254m [38;2;255;255;255m                  [0m
[48;2;255;255;255m[38;2;255;255;255m                   [48;2;1;187;210m▌[38;2;1;187;210m      [38;2;0;186;209m [48;2;255;255;255m[38;2;254;254;254m▘[38;2;255;255;255m  [48;2;254;254;254m▊[48;2;1;187;210m[38;2;0;186;209m [38;2;1;187;210m  [38;2;0;186;209m╷[48;2;255;255;255m[38;2;254;254;254m▎[38;2;255;255;255m  [38;2;254;254;254m▝[48;2;1;187;210m[38;2;0;186;209m [38;2;1;187;210m      [48;2;255;255;255m▌[38;2;255;255;255m                  [0m
[48;2;255;255;255m[38;2;255;255;255m                  [48;2;252;254;254m▊[48;2;1;187;210m[38;2;101;213;227m [38;2;1;187;210m     [38;2;0;186;209m [48;2;255;255;255m[38;2;254;254;254m▌[38;2;255;255;255m    [48;2;1;187;210m▌[38;2;1;187;210m  [48;2;221;245;248m[38;2;42;197;216m▌[48;2;255;255;255m[38;2;255;255;255m    [48;2;254;254;254m▌[48;2;1;187;210m[38;2;0;186;209m [38;2;1;187;210m     [38;2;205;241;245m [48;2;255;255;255m[38;2;248;253;253m [38;2;255;255;255m                 [0m
[48;2;255;255;255m[38;2;255;255;255m                  [48;2;138;223;233m▊[48;2;1;187;210m[38;2;1;187;210m      [48;2;197;239;244m[38;2;24;192;213m▌[48;2;255;255;255m[38;2;254;254;254m ▂[38;2;1;187;210m▃▃[38;2;254;254;254m▂[48;2;254;254;254m[38;2;255;255;255m▊[48;2;1;187;210m[38;2;252;253;254m [38;2;254;254;254m [48;2;255;255;255m▎▂[38;2;1;187;210m▃▃[38;2;0;186;209m▁[38;2;254;254;254m [48;2;38;196;216m[38;2;233;248;250m▖[48;2;1;187;210m[38;2;1;187;210m     [38;2;0;186;209m [48;2;255;255;255m[38;2;239;250;251m▎[38;2;255;255;255m                 [0m
[48;2;255;255;255m[38;2;0;0;0m     test         [38;2;244;251;252m [48;2;1;187;210m[38;2;0;186;209m [38;2;1;187;210m    [38;2;0;186;209m [48;2;255;255;255m[38;2;254;254;254m▄[48;2;1;187;210m▘[38;2;0;186;209m [38;2;1;187;210m  [38;2;172;232;239m [48;2;184;235;242m[38;2;27;193;214m▃[48;2;201;240;244m[38;2;9;189;211m▝[48;2;220;245;248m[38;2;37;196;215m▘[48;2;255;255;255m[38;2;1;187;210m▄[48;2;1;187;210m[38;2;0;186;209m [38;2;1;187;210m  [38;2;12;189;211m [48;2;187;236;242m[38;2;35;195;215m▅[48;2;254;254;254m[38;2;255;255;255m▘[48;2;1;187;210m[38;2;219;245;248m [38;2;1;187;210m    [38;2;253;254;254m [48;2;255;255;255m [38;2;255;255;255m                 [0m
[48;2;255;255;255m[38;2;255;255;255m                   [48;2;1;187;210m▌[38;2;1;187;210m   [38;2;0;186;209m [48;2;215;243;247m[38;2;21;192;213m▘[48;2;1;187;210m[38;2;254;254;254m▘[38;2;1;187;210m     [38;2;1;187;209m [48;2;52;200;218m[38;2;248;252;253m▝[48;2;30;194;214m[38;2;232;248;250m▘[48;2;1;187;210m[38;2;0;186;209m [38;2;1;187;210m     [48;2;53;200;218m[38;2;245;252;252m▝[48;2;55;201;219m[38;2;229;247;249m▌[48;2;1;187;210m[38;2;1;186;210m [38;2;1;187;210m  [38;2;0;187;209m [48;2;255;255;255m[38;2;1;187;210m▌[38;2;255;255;255m                  [0m
[48;2;255;255;255m[38;2;255;255;255m                   [38;2;225;246;249m [48;2;1;187;210m[38;2;255;255;255m▖[38;2;1;187;210m  [48;2;254;254;254m▊[48;2;206;241;245m[38;2;23;192;213m▗[48;2;1;187;210m[38;2;1;186;209m [38;2;1;187;210m              [38;2;0;186;209m [48;2;198;239;244m[38;2;63;202;220m▁[48;2;1;187;210m[38;2;0;186;209m [38;2;1;187;210m [38;2;0;186;209m [48;2;48;199;217m[38;2;245;252;253m▗[48;2;255;255;255m[38;2;221;245;248m [38;2;255;255;255m                  [0m
[48;2;255;255;255m[38;2;255;255;255m                    [38;2;246;252;253m [48;2;58;201;219m[38;2;224;246;249m▃[48;2;1;187;210m[38;2;127;220;231m [38;2;1;186;210m [48;2;1;187;209m[38;2;1;187;210m▇[48;2;1;187;210m                [38;2;1;186;210m [48;2;1;187;209m[38;2;1;187;210m▇[48;2;1;187;210m[38;2;0;186;209m [38;2;255;255;255m▄[48;2;255;255;255m[38;2;219;245;248m [38;2;255;255;255m                   [0m
[48;2;255;255;255m[38;2;255;255;255m                      [48;2;0;186;209m▆[48;2;1;187;210m▂[38;2;166;230;238m [38;2;1;187;210m                [38;2;0;187;209m [38;2;255;255;255m▃[48;2;255;255;255m[38;2;254;254;254m▘[38;2;255;255;255m                     [0m
[48;2;255;255;255m[38;2;255;255;255m                        [48;2;254;254;254m▆[48;2;1;187;210m▄▂[38;2;0;186;209m  [38;2;1;187;210m        [38;2;1;186;209m [38;2;255;255;255m▁▂▅[48;2;246;252;253m▇[48;2;255;255;255m                       [0m
[48;2;255;255;255m[38;2;255;255;255m                           [38;2;242;251;252m [48;2;234;249;251m[38;2;255;255;255m▆[48;2;1;187;210m▆▅▄▄▄▅▅▆[48;2;250;253;254m▆[48;2;255;255;255m[38;2;253;254;254m [38;2;255;255;255m                          [0m
[48;2;255;255;255m[38;2;255;255;255m                                                                 [0m
[48;2;255;255;255m[38;2;255;255;255m                          [38;2;104;97;97m▄[38;2;132;126;126m [38;2;255;255;255m  [38;2;104;97;97m▗[38;2;182;179;179m▖[38;2;255;255;255m  [48;2;136;130;130m▌[48;2;255;255;255m[38;2;104;97;97m▌[38;2;255;255;255m                             [0m
[48;2;255;255;255m[38;2;255;255;255m         [48;2;104;97;97m▌[48;2;255;255;255m[38;2;104;97;97m▄━━▄┏━▆▖[38;2;255;255;255m [38;2;165;161;161m [38;2;104;97;97m━━━▄[38;2;254;254;254m [38;2;136;130;130m╺[48;2;104;97;97m[38;2;253;253;253m▎[48;2;255;255;255m[38;2;104;97;97m▄━[38;2;237;236;236m━[48;2;104;97;97m[38;2;255;255;255m▌▄[48;2;255;255;255m[38;2;104;97;97m━[38;2;201;199;199m╸[48;2;136;130;130m[38;2;255;255;255m▌[48;2;104;97;97m[38;2;249;249;249m▝[48;2;255;255;255m[38;2;104;97;97m━━▅[38;2;250;249;249m▖[38;2;255;255;255m [38;2;104;97;97m▗▄━━▃[38;2;254;254;254m [48;2;104;97;97m[38;2;255;255;255m▌[48;2;255;255;255m[38;2;104;97;97m▖[38;2;255;255;255m [48;2;104;97;97m▌[48;2;255;255;255m[38;2;104;97;97m▆[38;2;248;248;248m [38;2;254;254;254m▗[38;2;104;97;97m▆[38;2;254;254;254m [38;2;255;255;255m         [0m
[48;2;255;255;255m[38;2;255;255;255m         [48;2;104;97;97m▌[48;2;255;255;255m[38;2;104;97;97m▎[38;2;255;255;255m  [48;2;104;97;97m[38;2;205;202;202m▎[48;2;255;255;255m[38;2;181;177;177m▎[38;2;255;255;255m [48;2;212;210;210m▊[48;2;173;170;170m[38;2;104;97;97m▊[48;2;255;255;255m[38;2;255;255;255m [38;2;254;254;254m▗[38;2;104;97;97m▄━━[48;2;104;97;97m[38;2;255;255;255m▎[48;2;255;255;255m[38;2;104;97;97m▎[38;2;255;255;255m [48;2;104;97;97m[38;2;253;253;253m▎[48;2;255;255;255m[38;2;132;126;126m▎[38;2;255;255;255m  [48;2;104;97;97m▌[48;2;255;255;255m[38;2;182;179;179m▌[38;2;255;255;255m  [48;2;136;130;130m▌[48;2;255;255;255m[38;2;104;97;97m▌[38;2;255;255;255m  [48;2;104;97;97m▌[48;2;255;255;255m[38;2;104;97;97m▌[48;2;254;254;254m[38;2;255;255;255m▊[48;2;104;97;97m[38;2;171;167;167m [48;2;255;255;255m[38;2;104;97;97m▄▄▄[48;2;104;97;97m[38;2;255;255;255m▁[48;2;255;255;255m[38;2;104;97;97m▎[38;2;254;254;254m▝[48;2;104;97;97m[38;2;255;255;255m [48;2;255;255;255m[38;2;254;254;254m▂[48;2;104;97;97m[38;2;255;255;255m▗▌[48;2;255;255;255m[38;2;104;97;97m▌[48;2;104;97;97m[38;2;255;255;255m▌[48;2;255;255;255m[38;2;104;97;97m▌[38;2;255;255;255m          [0m
[48;2;255;255;255m[38;2;255;255;255m         [48;2;104;97;97m▌[48;2;255;255;255m[38;2;188;185;185m▌[38;2;255;255;255m  [48;2;104;97;97m[38;2;205;202;202m▎[48;2;255;255;255m[38;2;181;177;177m▎[38;2;255;255;255m [48;2;212;210;210m▊[48;2;173;170;170m[38;2;104;97;97m▊[48;2;255;255;255m[38;2;255;255;255m [48;2;104;97;97m▌▝[48;2;255;255;255m[38;2;104;97;97m▁▂[48;2;104;97;97m[38;2;255;255;255m [48;2;255;255;255m[38;2;219;217;217m▌[38;2;255;255;255m [48;2;104;97;97m▎┗[48;2;255;255;255m[38;2;104;97;97m▂[38;2;156;152;152m [48;2;104;97;97m[38;2;255;255;255m▌▝[48;2;255;255;255m[38;2;104;97;97m▂[38;2;203;201;201m [48;2;136;130;130m[38;2;255;255;255m▌[48;2;255;255;255m[38;2;104;97;97m▌[38;2;255;255;255m  [48;2;104;97;97m▌[48;2;255;255;255m[38;2;155;150;150m▌[38;2;246;246;246m [48;2;104;97;97m[38;2;255;255;255m▂[48;2;255;255;255m[38;2;104;97;97m▃▁▁▂[38;2;229;228;228m [38;2;255;255;255m [48;2;104;97;97m▌[48;2;105;98;98m[38;2;104;97;97m▅[48;2;255;255;255m▎[38;2;253;253;253m [48;2;104;97;97m[38;2;255;255;255m  [48;2;255;255;255m[38;2;254;254;254m [38;2;255;255;255m          [0m
[48;2;255;255;255m[38;2;255;255;255m         [48;2;210;208;208m▆[48;2;255;255;255m[38;2;235;234;234m [38;2;255;255;255m  [48;2;210;208;208m▆[48;2;255;255;255m[38;2;233;232;232m [38;2;255;255;255m [38;2;242;241;241m [48;2;210;208;208m[38;2;255;255;255m▆[48;2;255;255;255m [38;2;253;253;253m [48;2;104;97;97m[38;2;255;255;255m▇▆[48;2;254;254;254m▆[48;2;210;208;208m▆[48;2;255;255;255m[38;2;244;243;243m [38;2;255;255;255m [38;2;254;254;254m [48;2;104;97;97m[38;2;255;255;255m▇▇[48;2;255;255;255m[38;2;224;223;223m [38;2;251;251;251m [48;2;254;254;254m[38;2;255;255;255m▆[48;2;104;97;97m▇[48;2;255;255;255m[38;2;239;238;238m [38;2;220;218;218m [38;2;210;208;208m [38;2;255;255;255m  [48;2;210;208;208m▆[48;2;255;255;255m[38;2;225;224;224m [38;2;255;255;255m  [48;2;245;245;245m▆[48;2;104;97;97m▆▆[48;2;248;248;248m▆[48;2;255;255;255m[38;2;253;253;253m [38;2;255;255;255m [38;2;254;254;254m [48;2;210;208;208m[38;2;255;255;255m▆[48;2;255;255;255m[38;2;254;254;254m [38;2;255;255;255m [48;2;210;208;208m▆▆[48;2;255;255;255m           [0m
[48;2;255;255;255m[38;2;50;50;50m▁▁▁▁▁▁▁▁▁▁▁▁▁▁▁▁▁▁▁▁▁▁▁▁▁▁▁▁▁▁▁▁▁▁▁▁▁▁▁▁▁▁▁▁▁▁▁▁▁▁▁▁▁▁▁▁▁▁▁▁▁▁▁▁▁[0m
[48;2;0;0;0m[38;2;0;0;0m                                                                 [0m
[48;2;0;0;0m[38;2;0;0;0m                                                                 [0m
